// shape definition
// archimedean - rhombicosidodecahedron

import { PHI } from '../../math.js';

export default {
	"Rhombicosidodecahedron": {
		category: "Archimedean",
		verts: [
			[0.5, 0.5, 0.5*(PHI**3)],
			[0.5, 0.5, -0.5*(PHI**3)],
			[0.5, -0.5, 0.5*(PHI**3)],
			[0.5, -0.5, -0.5*(PHI**3)],
			[-0.5, 0.5, 0.5*(PHI**3)],
			[-0.5, 0.5, -0.5*(PHI**3)],
			[-0.5, -0.5, 0.5*(PHI**3)],
			[-0.5, -0.5, -0.5*(PHI**3)],
			[0.5, 0.5*(PHI**3), 0.5],
			[0.5, 0.5*(PHI**3), -0.5],
			[0.5, -0.5*(PHI**3), 0.5],
			[0.5, -0.5*(PHI**3), -0.5],
			[-0.5, 0.5*(PHI**3), 0.5],
			[-0.5, 0.5*(PHI**3), -0.5],
			[-0.5, -0.5*(PHI**3), 0.5],
			[-0.5, -0.5*(PHI**3), -0.5],
			[0.5*(PHI**3), 0.5, 0.5],
			[0.5*(PHI**3), 0.5, -0.5],
			[0.5*(PHI**3), -0.5, 0.5],
			[0.5*(PHI**3), -0.5, -0.5],
			[-0.5*(PHI**3), 0.5, 0.5],
			[-0.5*(PHI**3), 0.5, -0.5],
			[-0.5*(PHI**3), -0.5, 0.5],
			[-0.5*(PHI**3), -0.5, -0.5],
			[0.5*(PHI**2), 0.5*PHI, PHI],
			[0.5*(PHI**2), 0.5*PHI, -PHI],
			[0.5*(PHI**2), -0.5*PHI, PHI],
			[0.5*(PHI**2), -0.5*PHI, -PHI],
			[-0.5*(PHI**2), 0.5*PHI, PHI],
			[-0.5*(PHI**2), 0.5*PHI, -PHI],
			[-0.5*(PHI**2), -0.5*PHI, PHI],
			[-0.5*(PHI**2), -0.5*PHI, -PHI],
			[PHI, 0.5*(PHI**2), 0.5*PHI],
			[PHI, 0.5*(PHI**2), -0.5*PHI],
			[PHI, -0.5*(PHI**2), 0.5*PHI],
			[PHI, -0.5*(PHI**2), -0.5*PHI],
			[-PHI, 0.5*(PHI**2), 0.5*PHI],
			[-PHI, 0.5*(PHI**2), -0.5*PHI],
			[-PHI, -0.5*(PHI**2), 0.5*PHI],
			[-PHI, -0.5*(PHI**2), -0.5*PHI],
			[0.5*PHI, PHI, 0.5*(PHI**2)],
			[0.5*PHI, PHI, -0.5*(PHI**2)],
			[0.5*PHI, -PHI, 0.5*(PHI**2)],
			[0.5*PHI, -PHI, -0.5*(PHI**2)],
			[-0.5*PHI, PHI, 0.5*(PHI**2)],
			[-0.5*PHI, PHI, -0.5*(PHI**2)],
			[-0.5*PHI, -PHI, 0.5*(PHI**2)],
			[-0.5*PHI, -PHI, -0.5*(PHI**2)],
			[0.5*(2+PHI), 0, 0.5*(PHI**2)],
			[0.5*(2+PHI), 0, -0.5*(PHI**2)],
			[-0.5*(2+PHI), 0, 0.5*(PHI**2)],
			[-0.5*(2+PHI), 0, -0.5*(PHI**2)],
			[0.5*(PHI**2), 0.5*(2+PHI), 0],
			[0.5*(PHI**2), -0.5*(2+PHI), 0],
			[-0.5*(PHI**2), 0.5*(2+PHI), 0],
			[-0.5*(PHI**2), -0.5*(2+PHI), 0],
			[0, 0.5*(PHI**2), 0.5*(2+PHI)],
			[0, 0.5*(PHI**2), -0.5*(2+PHI)],
			[0, -0.5*(PHI**2), 0.5*(2+PHI)],
			[0, -0.5*(PHI**2), -0.5*(2+PHI)],
		],
		faces: [
			/* clockwise
			[58, 42, 10, 14, 46],
			[2, 0, 24, 48, 26],
			[56, 44, 12, 8, 40],
			[4, 6, 30, 50, 28],
			[34, 18, 19, 35, 53],
			[32, 52, 33, 17, 16],
			[9, 13, 45, 57, 41],
			[36, 20, 21, 37, 54],
			[38, 55, 39, 23, 22],
			[51, 31, 7, 5, 29],
			[15, 11, 43, 59, 47],
			[49, 25, 1, 3, 27],
			[46, 30, 6, 58],
			[58, 2, 26, 42],
			[42, 34, 53, 10],
			[10, 11, 15, 14],
			[14, 55, 38, 46],
			[55, 15, 47, 39],
			[39, 31, 51, 23],
			[23, 21, 20, 22],
			[22, 50, 30, 38],
			[50, 20, 36, 28],
			[28, 44, 56,4],
			[4, 0, 2, 6],
			[44, 36, 54, 12],
			[12, 13, 9, 8],
			[8, 52, 32, 40],
			[40, 24, 0, 56],
			[34, 26, 48, 18],
			[18, 16, 17, 19],
			[19, 49, 27, 35],
			[35, 43, 11, 53],
			[3, 59, 43, 27],
			[49, 17, 33, 25],
			[25, 41, 57, 1],
			[1, 5, 7, 3],
			[7, 31, 47, 59],
			[5, 57, 45, 29],
			[29, 37, 21, 51],
			[52, 9, 41, 33],
			[54, 37, 45, 13],
			[32, 16, 48, 24],
			[58, 6, 2],
			[42, 26, 34],
			[10, 53,11],
			[14, 15, 55],
			[46, 38, 30],
			[50, 22, 20],
			[28, 36, 44],
			[4, 56, 0],
			[32, 24,40],
			[52, 8, 9],
			[33, 41, 25],
			[17,49, 19],
			[16, 18, 48],
			[1, 57, 5],
			[3, 7, 59],
			[27, 43, 35],
			[13, 12, 54],
			[45, 37, 29],
			[21, 23, 51],
			[31, 39, 47]
			*/
			//counterclockwise
			[46, 14, 10, 42, 58],
			[26, 48, 24, 0, 2],
			[40, 8, 12, 44, 56],
			[28, 50, 30, 6, 4],
			[53, 35, 19, 18, 34],
			[16, 17, 33, 52, 32],
			[41, 57, 45, 13, 9],
			[54, 37, 21, 20, 36],
			[22, 23, 39, 55, 38],
			[29, 5, 7, 31, 51],
			[47, 59, 43, 11, 15],
			[27, 3, 1, 25, 49],
			[46, 58, 6, 30],
			[58, 42, 26, 2],
			[42, 10, 53, 34],
			[10, 14, 15, 11],
			[14, 46, 38, 55],
			[55, 39, 47, 15],
			[39, 23, 51, 31],
			[23, 22, 20, 21],
			[22, 38, 30, 50],
			[50, 28, 36, 20],
			[28, 4, 56, 44],
			[4, 6, 2, 0],
			[44, 12, 54, 36],
			[12, 8, 9, 13],
			[8, 40, 32, 52],
			[40, 56, 0, 24],
			[34, 18, 48, 26],
			[18, 19, 17, 16],
			[19, 35, 27, 49],
			[35, 53, 11, 43],
			[3, 27, 43, 59],
			[49, 25, 33, 17],
			[25, 1, 57, 41],
			[1, 3, 7, 5],
			[7, 59, 47, 31],
			[5, 29, 45, 57],
			[29, 51, 21, 37],
			[52, 33, 41, 9],
			[54, 13, 45, 37],
			[32, 24, 48, 16],
			[58, 2, 6],
			[34, 26, 42],
			[11, 53, 10],
			[55, 15, 14],
			[30, 38, 46],
			[20, 22, 50],
			[44, 36, 28],
			[0, 56, 4],
			[40, 24,32],
			[9, 8, 52],
			[25, 41, 33],
			[19,49, 17],
			[48, 18, 16],
			[5, 57, 1],
			[59, 7, 3],
			[35, 43, 27],
			[54, 12, 13],
			[29, 37, 45],
			[51, 23, 21],
			[47, 39, 31]
		]
	}
}